10 44
00000000000000000000000000000000000000000000
0         0           000       0          0
00000000000000000000000000000000000000000000
0 111     0 11 3 43 03023 32 3 2024 2 2 11 0
0         0 11 3 43 0 023 32 3 1025 3 1111 0
0 111 222 0 1 21 43 0 023 32 3 2014 1 2 11 0
012 54767604875  2 20 021  11 2101  21 1 210
03121231  000000  00000211  22  0 2 2121   0
0         0           0         0          0
00000000000000000000000000000000000000000000



   +                    @      * *
     @              @            +

 ++        @             **
 + @                *
